18:48:01.870,False,-1,False,0,NEXT-SESSION
18:48:10.634,False,0,True,0,MANIPULATION-START,Move,0,0,0,0,0,0,0.5,0.2,0.5
18:48:12.483,False,0,True,0,MANIPULATION-END,Move,-0.3973863,-0.02987057,0.2499643,0,0,0,0.5,0.2,0.5
18:48:13.654,False,0,True,0,VALIDATE,Move,-0.3973863,-0.02987057,0.2499643,0,0,0,0.5,0.2,0.5,-0.4,-0.03,0.25,0,0,0,0.5,0.2,0.5,-0.002613693,-0.0001294296,3.574789E-05,0,0,0,0,0,0,1848.88,3020.0209
18:48:14.579,False,0,True,1,MANIPULATION-START,Move,0,0,0,0,0,0,0.5,0.2,0.5
18:48:16.478,False,0,True,1,MANIPULATION-END,Move,-0.1442035,-0.2310109,0.4231966,0,0,0,0.5,0.2,0.5
18:48:17.852,False,0,True,1,VALIDATE,Move,-0.1442035,-0.2310109,0.4231966,0,0,0,0.5,0.2,0.5,-0.14,-0.24,0.44,0,0,0,0.5,0.2,0.5,0.004203469,-0.008989081,0.01680344,0,0,0,0,0,0,1898.6589,3272.8855
18:48:19.170,False,0,True,2,MANIPULATION-START,Move,0,0,0,0,0,0,0.5,0.2,0.5
18:48:20.499,False,0,True,2,MANIPULATION-END,Move,0.106108,-0.2421986,-0.0002452028,0,0,0,0.5,0.2,0.5
18:48:26.275,False,0,True,2,START-COMPETING
18:48:27.067,False,0,False,0,MANIPULATION-START,Move,0,0,0,0,0,0,0.5,0.2,0.5
18:48:28.676,False,0,False,0,MANIPULATION-END,Move,0.08795141,-0.309603,-0.3309484,0,0,0,0.5,0.2,0.5
18:48:29.938,False,0,False,0,VALIDATE,Move,0.08795141,-0.309603,-0.3309484,0,0,0,0.5,0.2,0.5,0.1,-0.33,-0.33,0,0,0,0.5,0.2,0.5,0.01204859,-0.02039698,0.0009483397,0,0,0,0,0,0,1608.9393,2870.5104
18:48:30.519,False,0,False,1,MANIPULATION-START,Move,0,0,0,0,0,0,0.5,0.2,0.5
18:48:32.284,False,0,False,1,MANIPULATION-END,Move,-0.1786277,0.0550853,0.1147247,0,0,0,0.5,0.2,0.5
18:48:33.691,False,0,False,1,VALIDATE,Move,-0.1786277,0.0550853,0.1147247,0,0,0,0.5,0.2,0.5,-0.18,0.05,0.12,0,0,0,0.5,0.2,0.5,-0.001372352,-0.005085301,0.005275272,0,0,0,0,0,0,1765.7631,3172.7233
18:48:36.193,False,0,False,2,MANIPULATION-START,Move,0,0,0,0,0,0,0.5,0.2,0.5
18:48:38.193,False,0,False,2,MANIPULATION-END,Move,0.1270426,0.4707857,-0.4097796,0,0,0,0.5,0.2,0.5
18:48:39.599,False,0,False,2,VALIDATE,Move,0.1270426,0.4707857,-0.4097796,0,0,0,0.5,0.2,0.5,0.12,0.47,-0.41,0,0,0,0.5,0.2,0.5,-0.007042624,-0.0007857382,-0.000220418,0,0,0,0,0,0,1999.2187,3406.447
18:48:40.192,False,0,False,3,MANIPULATION-START,Move,0,0,0,0,0,0,0.5,0.2,0.5
18:48:42.112,False,0,False,3,MANIPULATION-END,Move,0.1254737,0.3511847,0.3044499,0,0,0,0.5,0.2,0.5
18:48:43.498,False,0,False,3,VALIDATE,Move,0.1254737,0.3511847,0.3044499,0,0,0,0.5,0.2,0.5,0.12,0.35,0.3,0,0,0,0.5,0.2,0.5,-0.005473681,-0.001184732,-0.004449904,0,0,0,0,0,0,1920.2002,3305.5196
18:48:44.202,False,0,False,4,MANIPULATION-START,Move,0,0,0,0,0,0,0.5,0.2,0.5
18:48:46.859,False,0,False,4,MANIPULATION-END,Move,-0.01478471,0.3159101,-0.360394,0,0,0,0.5,0.2,0.5
18:48:50.277,False,0,False,4,VALIDATE,Move,-0.01478471,0.3159101,-0.360394,0,0,0,0.5,0.2,0.5,-0.03,0.32,-0.38,0,0,0,0.5,0.2,0.5,-0.01521529,0.004089892,-0.01960599,0,0,0,0,0,0,2657.72,6075.6456
